0 0.2361111111111111 0.2222222222222222 0.2361111111111111 0.2777777777777778 0.36868686868686873 0.2222222222222222 0.1111111111111111 0.3611111111111111 0.4027777777777778 0.2222222222222222 
0.2361111111111111 0 0.2361111111111111 0.25 0.29166666666666663 0.38257575757575757 0.2361111111111111 0.125 0.375 0.41666666666666663 0.125 
0.2222222222222222 0.2361111111111111 0 0.2361111111111111 0.2777777777777778 0.36868686868686873 0.2222222222222222 0.1111111111111111 0.3611111111111111 0.4027777777777778 0.2222222222222222 
0.2361111111111111 0.25 0.2361111111111111 0 0.29166666666666663 0.38257575757575757 0.2361111111111111 0.125 0.375 0.41666666666666663 0.125 
0.2777777777777778 0.29166666666666663 0.2777777777777778 0.29166666666666663 0 0.09090909090909091 0.2777777777777778 0.16666666666666666 0.41666666666666663 0.125 0.2777777777777778 
0.3686868686868687 0.38257575757575757 0.3686868686868687 0.38257575757575757 0.09090909090909091 0 0.3686868686868687 0.25757575757575757 0.5075757575757576 0.2159090909090909 0.3686868686868687 
0.2222222222222222 0.2361111111111111 0.2222222222222222 0.2361111111111111 0.2777777777777778 0.36868686868686873 0 0.1111111111111111 0.3611111111111111 0.4027777777777778 0.1111111111111111 
0.1111111111111111 0.125 0.1111111111111111 0.125 0.16666666666666666 0.25757575757575757 0.1111111111111111 0 0.25 0.29166666666666663 0.1111111111111111 
0.3611111111111111 0.375 0.3611111111111111 0.375 0.41666666666666663 0.5075757575757576 0.3611111111111111 0.25 0 0.5416666666666666 0.3611111111111111 
0.40277777777777773 0.41666666666666663 0.40277777777777773 0.41666666666666663 0.125 0.2159090909090909 0.40277777777777773 0.29166666666666663 0.5416666666666666 0 0.40277777777777773 
0.2222222222222222 0.125 0.2222222222222222 0.125 0.2777777777777778 0.36868686868686873 0.1111111111111111 0.1111111111111111 0.3611111111111111 0.4027777777777778 0 
