0 0.75 0.25 1.25 0.5 0.41666666666666663 0.45 0.5833333333333333 0.5833333333333333 0.45 0.75 1.25 1.25 0.5833333333333333 0.45 0.5 
0.75 0 0.5 1.5 0.75 0.6666666666666666 0.7 0.8333333333333333 0.8333333333333333 0.7 1.0 1.5 1.5 0.8333333333333333 0.7 0.75 
0.25 0.5 0 1.0 0.25 0.16666666666666666 0.2 0.3333333333333333 0.3333333333333333 0.2 0.5 1.0 1.0 0.3333333333333333 0.2 0.25 
1.25 1.5 1.0 0 1.25 1.1666666666666667 1.2 1.3333333333333333 1.3333333333333333 1.2 1.5 2.0 2.0 1.3333333333333333 1.2 1.25 
0.5 0.75 0.25 1.25 0 0.41666666666666663 0.45 0.5833333333333333 0.5833333333333333 0.45 0.75 1.25 1.25 0.5833333333333333 0.45 0.5 
0.41666666666666663 0.6666666666666666 0.16666666666666666 1.1666666666666667 0.41666666666666663 0 0.3666666666666667 0.5 0.5 0.3666666666666667 0.6666666666666666 1.1666666666666667 1.1666666666666667 0.5 0.3666666666666667 0.41666666666666663 
0.45 0.7 0.2 1.2 0.45 0.3666666666666667 0 0.5333333333333333 0.5333333333333333 0.4 0.7 1.2 1.2 0.5333333333333333 0.4 0.45 
0.5833333333333333 0.8333333333333333 0.3333333333333333 1.3333333333333333 0.5833333333333333 0.5 0.5333333333333333 0 0.6666666666666666 0.5333333333333333 0.8333333333333333 1.3333333333333333 1.3333333333333333 0.6666666666666666 0.5333333333333333 0.5833333333333333 
0.5833333333333333 0.8333333333333333 0.3333333333333333 1.3333333333333333 0.5833333333333333 0.5 0.5333333333333333 0.6666666666666666 0 0.5333333333333333 0.8333333333333333 1.3333333333333333 1.3333333333333333 0.6666666666666666 0.5333333333333333 0.5833333333333333 
0.45 0.7 0.2 1.2 0.45 0.3666666666666667 0.4 0.5333333333333333 0.5333333333333333 0 0.7 1.2 1.2 0.5333333333333333 0.4 0.45 
0.75 1.0 0.5 1.5 0.75 0.6666666666666666 0.7 0.8333333333333333 0.8333333333333333 0.7 0 1.5 1.5 0.8333333333333333 0.7 0.75 
1.25 1.5 1.0 2.0 1.25 1.1666666666666667 1.2 1.3333333333333333 1.3333333333333333 1.2 1.5 0 2.0 1.3333333333333333 1.2 1.25 
1.25 1.5 1.0 2.0 1.25 1.1666666666666667 1.2 1.3333333333333333 1.3333333333333333 1.2 1.5 2.0 0 1.3333333333333333 1.2 1.25 
0.5833333333333333 0.8333333333333333 0.3333333333333333 1.3333333333333333 0.5833333333333333 0.5 0.5333333333333333 0.6666666666666666 0.6666666666666666 0.5333333333333333 0.8333333333333333 1.3333333333333333 1.3333333333333333 0 0.5333333333333333 0.5833333333333333 
0.45 0.7 0.2 1.2 0.45 0.3666666666666667 0.4 0.5333333333333333 0.5333333333333333 0.4 0.7 1.2 1.2 0.5333333333333333 0 0.45 
0.5 0.75 0.25 1.25 0.5 0.41666666666666663 0.45 0.5833333333333333 0.5833333333333333 0.45 0.75 1.25 1.25 0.5833333333333333 0.45 0 
