0 0.021739130434782608 0.3649068322981367 0.125 0.16666666666666666 0.24347826086956523 0.5768115942028985 0.043478260869565216 0.29347826086956524 0.07692307692307693 
0.021739130434782608 0 0.343167701863354 0.1467391304347826 0.18840579710144928 0.2217391304347826 0.5550724637681159 0.021739130434782608 0.2717391304347826 0.09866220735785954 
0.36490683229813664 0.34316770186335405 0 0.48990683229813664 0.48809523809523814 0.12142857142857143 0.3333333333333333 0.32142857142857145 0.07142857142857142 0.44182990922121357 
0.125 0.1467391304347826 0.4899068322981366 0 0.29166666666666663 0.3684782608695652 0.7018115942028985 0.1684782608695652 0.4184782608695652 0.20192307692307693 
0.16666666666666666 0.18840579710144928 0.48809523809523814 0.29166666666666663 0 0.3666666666666667 0.7 0.16666666666666666 0.4166666666666667 0.24358974358974358 
0.2434782608695652 0.2217391304347826 0.12142857142857143 0.3684782608695652 0.3666666666666667 0 0.3333333333333333 0.2 0.05 0.3204013377926421 
0.5768115942028985 0.5550724637681159 0.3333333333333333 0.7018115942028985 0.7 0.3333333333333333 0 0.5333333333333333 0.3833333333333333 0.6537346711259755 
0.043478260869565216 0.021739130434782608 0.3214285714285714 0.16847826086956522 0.16666666666666666 0.2 0.5333333333333333 0 0.25 0.12040133779264214 
0.2934782608695652 0.2717391304347826 0.07142857142857142 0.4184782608695652 0.41666666666666663 0.05 0.3833333333333333 0.25 0 0.3704013377926421 
0.07692307692307693 0.09866220735785954 0.44182990922121357 0.20192307692307693 0.24358974358974358 0.3204013377926421 0.6537346711259755 0.12040133779264214 0.3704013377926421 0 
